389.75
150.68
393.83
119.55
396.43
109.65
396.0
260.34
198.14
242.9
170.06
100.63
197.18
366.3
204.35
387.22
372.63
296.31
375.86
359.79
315.3
96.41
195.61
192.73
375.39
205.86
261.45
214.49
184.65
367.98
257.06
299.66
295.99
188.6
205.17
211.75
311.42
103.38
356.64
305.49
100.51
201.71
213.41
303.39
90.93
100.08
384.87
182.91
303.18
239.43
363.71
327.8
165.78
369.65
325.07
321.47
379.49
259.47
93.38
373.09
95.42
214.56
229.65
179.11
374.72
314.28
248.89
366.15
386.12
384.01
238.75
289.48
101.15
392.58
210.65
346.68
116.21
313.5
304.16
190.72
215.18
209.02
209.41
150.48
293.78
378.15
186.33
228.78
178.84
238.1
197.64
244.11
343.65
176.15
264.57
300.22
324.22
267.6
312.21
269.68
905.21
1285.76
944.8
1501.13
1236.96
786.13
1162.2
1346.08
908.03
1175.24
861.9
1217.37
1344.78
1348.18
1435.11
1175.44
948.24
855.55
1151.15
875.12
1433.95
1364.47
969.1
1276.52
884.78
1369.35
859.96
902.62
767.47
917.6
1211.26
1070.53
1128.52
972.89
1189.07
855.54
1048.7
1297.53
1196.23
1024.41
881.94
1048.28
1172.47
895.15
1139.29
1288.93
1372.75
1328.9
1000.47
1206.73
986.17
1314.09
1116.3
1296.62
1094.34
993.42
1297.37
1117.51
880.74
851.89
1232.55
712.17
1174.6
981.22
1224.57
1295.94
834.1
853.96
1484.14
570.45
791.94
1046.28
948.22
1071.68
1108.94
1306.07
1342.92
887.44
781.87
874.52
1321.43
1135.73
1018.25
1493.08
1206.53
981.44
910.12
1004.43
954.21
1295.86
1258.87
1223.63
1071.02
749.57
680.32
1178.64
1121.43
728.87
745.56
1020.13
2083.15
1636.68
1936.05
1378.94
1496.7
2135.18
1473.88
1290.96
1529.77
1847.86
1624.13
1526.26
1568.33
1393.24
1982.36
1794.46
1638.82
1440.18
1778.74
1637.46
1296.84
1684.23
2147.28
1870.57
1925.54
1362.82
1562.62
1873.75
1369.73
1835.71
970.88
1641.28
1487.82
1672.63
1310.67
2017.84
1420.2
1661.74
1725.81
1504.06
1420.37
1492.97
1114.26
1592.56
1738.61
1885.73
1910.9
2093.33
1685.73
1965.31
1634.57
1576.92
1868.59
1647.33
1999.11
1416.72
1478.19
1183.72
1690.21
1471.35
1566.11
1799.54
1910.32
1645.91
1683.86
1867.07
1869.65
1581.13
1723.97
1949.1
1667.38
1801.16
1542.95
1432.55
1197.55
1285.16
1913.33
1541.2
1633.17
1304.28
1997.15
1482.74
1719.96
2017.08
1590.82
1874.65
2068.52
1398.44
1829.16
1528.9
1914.91
1823.65
1996.26
2081.22
1396.98
1450.99
1338.03
2220.73
1726.09
1790.04
1486.81
1181.53
1118.17
1041.59
1031.53
927.99
822.74
1222.21
1158.17
1497.86
1014.33
1118.08
1095.56
1044.93
999.47
1049.83
1208.34
680.63
968.96
868.92
1416.57
950.79
870.81
1216.72
1265.27
1008.24
1406.03
1423.92
889.11
1106.79
588.84
754.98
815.39
1710.29
1171.54
970.39
874.69
711.19
1166.53
1299.53
712.02
951.84
1200.95
1421.03
1096.15
1013.72
1304.22
706.56
917.22
1273.41
1581.89
1178.55
816.64
1269.71
717.4
789.25
1167.92
1281.71
678.95
798.91
862.88
955.61
1634.93
1236.09
626.6
1408.62
1488.41
916.82
773.57
1023.64
1219.5
930.03
1292.02
1119.92
1265.64
1211.4
1159.5
701.63
852.64
1352.33
878.71
1252.99
1104.23
626.47
1292.24
938.71
1704.98
578.5
962.63
1275.0
775.36
1177.53
845.39
1062.77
1586.71
1253.2
1248.04
1021.42
1311.46
1461.12
1344.57
697.71
1301.22
1381.6
940.85
649.01
1241.21
1095.73
744.06
1485.58
823.5
1035.66
1109.09
1127.04
1111.16
804.37
1594.48
587.16
1583.77
537.74
1165.46
643.47
931.11
1102.58
946.95
990.22
1454.67
912.21
547.34
1615.02
579.72
898.53
1274.42
1152.78
766.96
1630.95
967.36
1008.0
1017.49
974.31
1207.09
1239.55
690.04
659.74
763.07
1447.06
581.37
999.28
1451.88
791.11
419.7
430.82
498.28
680.45
1015.42
726.84
956.11
999.75
549.58
660.07
1057.78
1038.89
839.84
797.19
1282.73
597.66
1094.94
1043.21
1092.44
443.73
885.91
867.34
1067.15
911.01
839.66
1151.56
1023.81
1240.92
1155.95
534.08
706.53
789.68
431.55
475.69
1070.98
840.38
1286.13
971.69
851.67
1311.4
559.15
578.0
575.0
989.24
550.08
451.8
967.32
829.77
1100.62
1036.2
932.68
950.72
719.42
388.4
942.32
384.23
1151.3
675.22
945.51
632.73
844.21
780.99
704.64
528.6
419.15
915.03
926.07
1217.91
865.78
563.35
1151.75
1079.52
1180.04
530.42
624.46
526.5
681.49
697.11
1163.86
495.06
714.47
972.13
722.15
805.77
452.42
700.28
1314.83
472.1
1115.79
671.3
738.57
911.77
798.63
339.11
556.5
518.86
1085.49
1172.55
533.23
1127.74
1210.82
1075.93
1180.8
1485.67
1065.85
673.73
1029.63
992.77
1242.07
1152.67
1125.66
1126.0
1289.28
940.24
1166.84
1093.8
839.51
763.41
1261.91
1463.98
800.35
794.89
999.87
1549.5
1193.18
1098.83
1363.61
1026.14
1351.6
811.37
975.14
1083.27
781.9
800.5
1177.84
1209.51
1463.82
1242.09
997.56
1430.37
1402.04
1304.78
1296.31
1448.64
1135.4
1205.13
1138.01
1409.29
904.79
1049.73
1386.64
932.05
1532.96
1101.15
745.39
1159.17
985.01
774.29
875.67
1213.68
1086.61
1291.3
1015.79
1476.05
1150.66
1053.91
984.61
1089.66
1300.65
872.76
1535.12
637.02
1078.86
683.64
1238.36
1105.6
1487.4
905.87
1547.65
938.12
922.71
918.21
1065.06
1225.76
1255.33
927.17
1303.28
1109.94
1038.34
1341.16
680.15
1163.84
927.4
1301.58
1344.8
1018.14
855.47
1395.28
1144.39
918.42
1749.08
1747.13
1978.03
1876.31
1768.66
2065.6
1929.17
1909.66
1792.38
1858.95
1955.4
1869.19
1816.22
1915.76
2015.73
1990.74
1929.12
1930.36
1850.07
1948.75
1878.78
1804.43
1729.03
1835.14
1932.56
1867.63
1723.46
1913.59
1633.93
1831.75
1979.26
1890.71
1865.97
1895.68
1804.4
1987.05
1654.15
2018.79
2129.13
1636.85
1787.52
2018.21
1868.88
1772.09
1796.48
2064.06
1769.9
1986.16
2059.9
1951.6
1687.52
1922.55
1781.28
1780.13
2050.4
1938.7
1820.71
1844.71
1808.87
1782.92
1862.2
1792.05
1791.85
1884.83
1844.32
1981.44
1886.48
1733.39
2093.47
1662.35
2045.75
1736.35
1780.87
1905.9
2024.34
1936.59
1713.19
1801.31
1997.47
1791.14
1991.98
1662.22
1883.28
2108.98
1779.36
1757.84
1971.94
1663.17
1781.72
1822.82
1681.25
1816.41
2028.83
1819.15
1955.88
1904.26
2000.19
1782.54
1654.29
1900.46
1101.72
872.9
1167.1
1969.05
1154.51
941.23
1532.57
1616.85
737.56
1638.33
2195.04
1337.37
1835.9
1663.39
1336.63
2027.19
1719.64
1818.66
2065.57
1978.85
1104.07
2245.11
1771.78
1938.77
1694.79
1513.88
1361.75
1131.17
2051.16
1705.87
2038.02
1395.82
2025.55
647.05
1470.94
2126.48
1006.94
1976.4
1629.49
499.54
2055.4
1958.98
1501.63
785.71
987.06
1765.37
2320.54
907.07
1812.63
1310.18
1611.12
1245.64
1639.04
2158.98
1600.0
1399.55
1616.92
1916.97
1038.8
2443.59
1678.33
1416.43
504.32
170.32
1478.13
889.69
1501.98
2221.34
1111.19
1192.13
1861.94
1078.85
1165.3
564.17
1341.52
1346.26
1697.28
1541.88
690.98
1535.71
1541.08
1287.32
1247.84
1675.51
540.07
1943.16
1285.71
1565.61
1218.76
2052.55
2027.55
1015.5
1680.8
1159.21
1292.5
1577.3
2139.27
904.77
778.02
1100.02
1775.57
1822.81
1762.27
2069.23
2011.41
1943.89
1916.92
1712.88
1037.94
1821.13
1805.1
974.88
1408.14
1155.49
1284.52
1513.11
1856.58
1098.73
1533.49
1577.15
1206.36
1713.53
1620.67
1330.83
835.26
2068.19
1461.16
1620.82
1292.97
1960.58
589.54
1321.44
1100.13
636.58
666.08
1227.56
1131.92
833.77
1985.35
865.52
753.1
1037.03
966.82
1955.28
1261.42
2122.03
2065.02
1246.17
891.63
1789.84
1497.46
1643.92
2118.89
2071.43
1491.08
767.19
1359.49
706.81
1528.79
1761.11
2124.38
1092.79
575.44
1064.59
1635.95
1519.93
1126.95
1412.45
1595.39
2129.48
2039.32
2191.92
1107.3
2196.66
1024.14
1125.75
1701.16
2279.05
1631.75
1873.17
1298.85
2202.57
1940.86
1633.34
1752.69
1212.36
632.78
766.32
946.22
1803.21
2212.04
2044.49
1345.58
1230.1
1285.47
1411.13
1781.02
1873.83
931.59
1681.5
1327.16
1047.36
1983.91
1399.09
1132.24
1758.59
1158.33
1537.13
1419.74
2213.87
1265.63
1811.66
1870.2
1276.61
1879.97
2285.23
1837.47
2184.24
1477.4
1362.65
1005.75
2137.23
1872.17
2048.68
1016.62
1622.86
1104.99
618.64
1190.98
1996.14
878.73
1457.72
1588.12
1868.96
2135.77
1378.1
2029.09
2027.95
2271.47
1878.24
1335.03
1450.61
1842.87
1323.63
2220.33
1842.32
980.44
1808.38
1927.05
1978.38
797.64
861.76
2141.85
1731.42
1781.85
2293.01
1346.57
2314.87
1487.29
2256.32
1632.24
1963.0
1007.05
1564.57
1631.3
1564.52
1131.94
1296.16
1233.63
1874.46
1478.46
1251.28
1351.39
2034.79
1013.8
1676.66
1858.69
2182.04
1740.22
1172.78
861.49
1252.15
774.09
1134.75
1178.22
1060.51
1660.47
1260.64
1494.33
1563.47
1422.23
945.79
2124.16
1656.56
1167.06
1574.08
833.84
1799.52
1195.87
1633.46
1069.4
1828.6
889.21
2249.0
1237.67
1687.76
1935.78
1704.89
1268.27
1896.82
1957.76
1412.62
1430.46
1516.63
1715.54
1027.8
1736.73
1613.4
1921.73
1375.77
1228.22
1622.8
896.12
1577.53
1047.57
1372.32
1498.09
1424.32
1887.05
1274.51
1565.09
1443.38
1741.23
1605.91
1414.76
630.2
1364.17
1917.43
1872.03
1003.04
2076.78
1165.46
1510.3
1737.69
1462.62
1290.8
508.74
1314.14
2029.09
1746.49
1286.02
1293.83
1798.2
1349.03
1829.14
2014.5
1694.94
1381.7
1264.39
2046.24
1990.53
1633.38
1853.86
1672.65
1342.28
1543.45
1912.71
1011.32
1971.99
1783.73
1252.87
1595.89
2303.56
820.21
1590.11
1284.61
2005.9
1884.9
1535.45
1452.22
1208.5
2177.5
1663.8
1376.13
858.88
969.35
1254.12
1203.79
1792.98
2041.45
1329.5
1305.08
1592.43
1082.06
1483.54
1336.4
1786.53
1746.98
1925.62
863.86
1563.82
1650.56
330.4
2166.73
1080.0
1556.8
1755.93
1647.19
1817.84
1056.9
832.14
1549.34
926.48
1749.89
1638.79
1944.43
599.17
1250.99
1460.96
1614.31
1618.78
1328.11
1563.07
1959.79
1402.13
1681.79
1752.96
1337.29
1962.57
1911.52
976.94
1785.47
797.01
1663.03
2068.65
1851.09
940.49
1204.6
1553.95
1391.7
1899.16
1291.32
1584.46
1773.51
1855.67
2240.99
2008.41
1538.24
1589.28
1444.24
1663.11
1455.48
1350.2
1505.54
811.93
740.87
1723.08
1197.83
2091.09
1327.14
1971.24
571.28
1959.33
1522.62
1990.04
1897.14
497.14
1268.22
1842.18
658.36
1437.82
1420.36
1276.79
1867.48
1053.91
2080.54
991.43
1526.98
1047.05
1419.18
1223.28
1503.98
1332.92
1737.79
1751.55
613.83
1415.78
911.24
1302.31
1429.04
666.6
1637.6
748.95
1160.76
1458.0
1715.31
1918.77
2230.3
1911.5
1216.03
2064.68
1941.79
1293.0
1025.28
854.42
1292.66
1502.26
1410.7
1817.52
2075.17
1500.43
836.69
1782.45
1585.2
1528.16
1666.54
1900.57
1481.84
1640.84
940.94
1538.73
962.42
1294.43
1785.23
1074.66
1826.84
1849.53
1277.43
1317.66
1577.3
935.05
1797.76
987.64
1232.49
1853.6
1197.64
2089.06
919.65
564.03
1340.88
1279.36
2177.73
1697.79
1810.75
1084.82
1642.63
1602.1
1602.01
1106.54
1351.95
1999.76
1077.37
1733.16
1139.14
1809.11
2249.65
2346.58
2082.6
893.1
829.25
1246.39
1332.99
1370.4
1387.53
2067.09
1740.82
1007.19
1438.41
1800.32
1307.58
1468.1
1237.3
1312.69
1565.14
1080.75
1124.99
1046.05
1530.86
983.47
898.94
1585.38
1458.7
1546.29
1630.9
1138.49
1359.44
1861.09
893.91
1547.96
763.04
644.48
1122.68
1025.32
1110.81
1084.52
1850.87
1619.46
1695.54
1034.91
1767.65
1442.99
1476.73
938.98
1467.91
2286.97
2021.52
1556.63
1572.71
657.32
1799.3
1438.81
1488.62
1056.2
1823.37
1834.7
1416.08
1284.25
1311.71
1156.83
2061.27
1971.74
2220.05
1329.43
1664.18
1852.38
1549.33
1329.22
782.94
1929.68
1189.21
1644.84
1102.64
1209.29
1644.99
1623.86
1055.66
1869.33
1502.99
1692.75
1041.3
1139.47
2240.62
1730.52
1807.11
2147.3
1524.19
1321.66
1829.92
1310.15
1411.87
1469.89
1402.81
1752.38
2092.34
1229.34
835.5
1935.5
1271.48
1687.28
499.07
1132.23
1159.69
1078.46
1764.04
1046.12
1523.33
1677.98
2023.11
1485.89
1983.68
1608.89
1385.21
1532.28
2078.85
1292.65
1740.57
1682.62
1733.58
673.63
1584.49
1393.19
1178.63
1374.3
1839.87
1417.59
876.38
1702.31
1202.63
1509.31
1863.16
974.06
2044.6
1275.12
2131.25
1138.96
1884.35
1474.34
2472.2
1200.32
1490.97
2022.55
1836.01
1296.52
817.76
1313.01
2158.41
1386.71
1877.56
1104.49
508.86
1639.46
1266.42
1009.73
1522.66
2272.32
935.55
1161.22
1707.27
1542.2
820.05
1684.84
1244.28
1177.82
1614.23
1368.5
1013.06
1437.92
1431.4
1546.69
1440.8
2230.25
1493.28
898.47
1161.85
1398.23
1843.51
1628.19
1262.14
1346.41
774.14
1809.58
1222.95
886.71
1030.89
1933.71
1748.58
1939.78
1567.84
1727.35
1080.46
1522.86
1836.41
786.4
1904.59
1614.05
1859.88
782.24
766.62
1343.49
1381.64
2129.97
1236.64
2348.4
1454.77
1168.3
1785.55
962.44
1266.84
2228.24
1635.75
904.28
899.93
907.14
1030.72
1055.77
1122.44
1524.51
1325.73
1717.92
774.64
942.2
642.7
1764.99
1353.74
1680.28
1428.12
2389.0
1685.67
291.41
1412.05
865.25
989.75
1541.43
1424.48
1279.47
1846.95
1892.92
2020.47
941.49
487.15
1429.72
1391.14
1718.88
1526.16
879.51
1752.86
414.77
640.26
1846.56
1724.26
832.6
648.57
1003.31
1385.5
1575.75
1102.13
1880.9
474.41
1074.51
1017.61
1425.84
1687.84
1872.28
1630.04
1618.15
1900.38
1159.38
2042.39
1019.4
1725.02
1147.92
1472.11
1675.93
1184.35
1556.99
1608.51
1363.21
1686.57
1888.27
1908.0
1196.53
1486.98
1079.32
1314.05
1364.5
1620.66
1488.08
1400.61
1601.28
2197.32
1991.8
2044.45
509.81
1474.56
1295.06
2177.99
1381.63
1238.07
1335.03
1020.29
1982.96
1982.48
2091.75
1574.21
1822.8
1380.46
2271.94
1666.23
670.25
1189.2
1296.8
1036.55
1524.94
1303.3
1314.73
1723.09
1535.63
1978.13
1353.97
741.88
1188.54
1643.95
990.58
1614.65
1527.35
1368.5
633.36
987.2
1291.47
1252.61
1620.88
1335.69
1784.04
1723.78
690.14
1643.21
1134.21
1644.79
1288.28
997.91
1639.15
1271.28
2001.43
2344.69
2045.11
1546.72
1047.98
1403.28
1536.1
1231.28
1543.94
1621.35
814.98
1673.84
1918.95
2066.93
1611.7
966.26
1030.54
1337.32
965.09
1869.08
868.26
359.84
1184.6
741.26
1628.26
1343.13
1237.8
878.77
1221.48
1796.73
1299.47
954.76
1481.8
1677.38
1253.28
1697.1
1827.84
1511.52
1665.78
517.81
1227.01
1698.59
1029.59
1409.68
1175.17
907.61
2085.41
1370.81
1305.55
913.87
2070.55
843.55
2043.96
1279.46
1075.89
1473.76
1760.14
817.95
1308.16
627.28
1250.15
1688.07
2215.21
717.54
1993.71
752.84
1499.9
1367.22
1557.83
1951.23
1158.71
1337.2
1762.96
1234.28
911.72
1277.9
1828.39
1897.8
1439.42
1862.19
2108.36
1725.03
1041.57
1343.05
1587.95
1043.34
1450.43
1482.88
1556.86
1638.71
1647.35
1661.31
1939.34
1739.29
1854.82
1690.82
1797.18
1167.17
791.44
1335.58
2146.6
680.51
1760.34
1211.15
1333.88
1566.3
1801.71
2008.15
1304.2
1524.18
1628.33
1471.41
1913.72
1599.48
2143.28
652.96
1179.56
1460.48
1755.77
1635.35
1638.47
1971.03
1346.48
846.27
1044.83
1746.69
1754.91
519.37
1854.32
1010.59
869.59
1864.18
1404.27
1336.83
724.06
1918.47
1512.25
2127.29
1959.87
1519.37
1528.16
1450.34
1982.91
1601.34
1269.21
1063.3
1147.91
1352.31
925.48
1776.83
1782.69
1149.88
2086.95
1721.75
1719.86
1587.61
1332.28
2071.06
1644.54
1980.78
779.54
1395.35
957.92
1593.32
1827.47
1905.71
1582.16
1867.17
1644.68
1207.67
1381.16
1546.46
1519.88
2100.91
1358.84
1187.08
877.25
1875.88
1674.3
1562.11
747.72
1330.21
1243.62
796.43
860.05
1161.6
525.09
1083.98
1175.48
1484.06
778.86
720.33
803.07
1783.33
724.25
780.69
1718.02
1717.97
1583.32
1627.99
1537.25
1769.55
1420.08
1484.91
1505.0
1024.58
1900.92
1632.55
1291.58
837.06
1445.15
1410.36
1248.42
751.45
1432.24
1927.69
1660.83
1107.58
1582.86
1319.71
1911.1
2278.99
1173.95
1495.02
2064.97
833.79
1177.36
1219.96
1561.75
1114.29
1062.28
1900.9
1830.35
1931.78
1401.57
1547.23
1815.99
1493.25
2137.06
1595.73
1832.43
1533.18
1038.18
1909.68
1228.95
1355.46
1662.32
1199.56
1509.51
1181.27
1418.55
791.56
1583.87
1784.13
775.58
783.15
1379.16
1491.66
1586.26
662.36
777.34
1634.03
1761.92
1833.56
1330.03
2435.86
2065.87
2138.62
1628.39
1454.5
1321.9
1087.04
1420.7
1863.41
705.81
1552.59
711.0
1711.75
1969.42
1073.96
1642.65
1185.29
1318.09
1902.81
643.3
1279.54
984.68
1913.82
1960.9
1328.38
926.02
1157.83
1774.92
200.46
883.0
1900.44
1565.78
983.68
1500.73
1737.85
775.85
876.83
1719.93
1865.26
1516.39
1864.07
2320.6
1034.43
1863.33
1471.63
1874.47
1788.23
1398.41
1480.44
2106.15
951.61
1779.54
1107.64
1843.17
1359.65
1020.32
1679.71
1781.62
1336.71
1015.62
1200.19
2107.38
1507.84
1264.57
1280.23
1546.19
1518.86
2030.73
1853.29
702.04
274.53
947.04
1559.14
1924.65
1946.71
1586.79
1391.74
2137.04
1938.81
1915.05
775.35
1914.25
1800.61
1409.17
1981.29
1895.45
1146.99
2043.68
1173.38
1305.87
1310.89
1122.98
1524.8
1442.24
1650.73
1252.48
1838.04
397.96
1949.14
1199.29
1119.08
703.29
986.97
1777.38
1732.12
1983.42
1363.78
1949.11
1188.28
1008.02
1916.97
1730.65
1155.3
715.61
966.55
1860.03
1988.84
1414.78
556.16
1308.27
713.91
994.64
1982.53
1516.92
1661.99
1047.94
1475.65
1746.81
1983.32
1170.57
1147.57
2056.93
1647.31
520.09
2300.42
1880.83
2009.09
2141.57
960.6
1293.33
723.9
1745.88
1837.68
1099.79
1461.84
1798.27
633.86
1029.04
987.61
1868.98
1403.16
2012.69
1106.37
1393.9
1514.66
1607.98
2039.48
826.09
1924.14
1168.26
1410.77
919.68
1684.76
1536.31
1828.58
1935.07
945.85
1496.25
1418.27
1840.1
1763.62
1445.0
1606.66
987.83
743.34
1299.94
1132.41
1237.47
1380.44
1772.52
1209.92
1604.35
1251.07
1620.95
1084.34
1564.11
2049.23
1353.53
1970.31
1671.68
1815.6
1181.2
1425.37
1220.89
2133.19
1729.75
1162.65
1392.57
1543.81
1794.08
1609.91
1638.36
1825.55
1156.8
1353.11
1481.02
1994.19
934.11
1529.58
1107.44
1920.75
1917.62
604.99
1568.36
2035.35
2195.91
1190.9
1305.75
863.33
1190.79
2124.81
1555.32
1542.57
1312.11
918.8
1218.89
1669.38
1086.37
1683.03
1562.66
382.09
1208.82
1618.11
2224.26
1634.37
1661.69
2148.63
937.34
1495.47
1756.19
1626.15
1215.2
1575.91
1172.89
1603.22
1469.21
1784.28
1672.18
1528.39
908.62
747.32
1687.14
859.3
1589.9
976.16
1064.6
1261.14
1543.3
1356.32
998.59
1964.08
958.01
2303.34
1183.35
896.99
1698.36
1333.67
1626.41
2251.51
1432.65
2134.3
2078.2
1885.05
1073.39
544.41
1146.93
1411.73
1813.38
796.0
1897.0
2044.83
1216.19
1768.6
915.67
617.3
1468.52
1021.71
179.07
930.39
1656.96
1909.56
1801.1
2230.93
1509.62
2045.2
1693.36
1206.33
1711.39
1617.88
1005.08
1233.92
1454.48
1880.0
1674.6
1877.38
1102.77
1980.01
1609.48
1334.56
1349.96
931.67
2298.62
1113.55
1780.96
2400.46
871.5
1784.34
167.77
2256.22
983.41
1926.93
1791.05
812.34
1752.44
2245.93
1394.02
1471.55
706.53
1284.3
1937.18
1341.15
1228.38
2120.14
963.61
2000.25
1698.8
1503.74
289.38
1872.37
573.49
329.98
1741.92
1309.61
1953.63
1605.41
1424.89
2119.75
1482.34
1395.63
1666.82
1372.61
1240.1
1658.59
797.79
1708.15
1130.38
1402.24
1717.87
1747.89
1941.81
952.15
1244.09
1411.19
1768.89
959.21
784.95
1187.88
1396.81
1051.63
1120.69
1740.81
1413.59
1802.98
1089.66
1934.3
918.8
2096.79
1866.83
1584.59
1086.62
1464.39
1170.65
2077.04
1642.33
857.03
1777.83
1126.92
1184.58
683.64
1179.37
533.08
1916.33
1989.35
1639.86
1556.02
1485.04
675.33
1620.79
1676.78
1491.37
563.29
1407.21
1493.67
664.66
1092.99
903.26
1151.77
1216.71
2062.41
1199.4
591.83
877.13
2360.52
1328.74
1802.39
2031.37
980.4
1393.92
2048.68
959.73
1230.37
1342.44
1671.95
1504.4
1778.58
1244.27
1808.53
1934.34
1536.32
892.05
2142.76
1925.05
1692.25
1841.23
1404.59
1393.92
1955.05
1641.48
1156.61
1411.36
1943.15
1199.97
676.96
1308.78
1054.92
1142.51
297.6
1401.37
2109.55
1948.75
1586.98
1525.85
1725.47
1841.18
1531.76
1156.37
1132.64
766.63
1933.7
1755.81
1357.08
1667.72
873.76
1883.31
2147.97
1641.07
914.96
1248.12
1613.79
2237.92
1305.67
1198.8
1354.9
1048.25
1373.53
2301.3
1579.38
1963.6
1598.42
1176.11
1959.91
1246.83
1735.6
1415.9
1629.17
1107.2
1400.37
1330.09
1673.96
1317.56
1484.23
1778.95
1498.48
1171.22
1058.06
1922.25
1904.24
1581.49
1062.1
1358.12
1097.4
1042.35
2046.82
726.71
1984.09
891.95
1418.67
679.92
1755.94
901.48
581.84
387.84
1948.53
1774.59
760.27
1341.23
2219.6
1945.0
1488.34
2183.62
1480.69
1724.38
1535.66
1273.12
2175.06
1362.44
757.33
2155.81
1479.68
1575.53
1875.95
2240.23
1554.46
1744.53
1766.33
1161.18
1537.76
1664.28
1286.19
1499.76
1127.94
2218.41
1599.27
1371.54
1756.79
1737.46
1418.16
2274.09
1300.26
1152.85
1161.76
1518.82
2114.27
766.49
1585.98
1046.1
2337.83
1894.39
1330.61
2005.29
1838.84
1845.38
1896.5
1269.91
1200.13
1797.22
486.19
2409.14
2160.08
2361.13
1763.65
1650.9
1455.01
1326.45
2099.27
307.81
1725.94
1488.45
850.11
2174.22
1656.16
1364.37
1585.64
1720.36
1681.16
1269.35
1628.7
1597.56
1700.99
1066.06
1749.47
1273.09
1320.26
765.97
879.25
656.57
1702.28
749.53
1300.5
1011.7
1480.25
1925.82
1913.97
1660.72
2110.2
1326.25
1040.78
1700.97
1974.6
734.29
604.33
1546.59
1773.02
1809.37
1800.58
1914.8
749.31
611.09
1898.58
919.68
1862.67
1244.58
2308.69
1352.35
1620.77
1471.32
1311.57
1257.13
1782.39
2341.94
1398.36
1999.38
1279.52
1518.85
1765.93
1478.57
2068.57
1539.91
1644.69
1041.82
2282.4
1055.41
955.1
1418.9
1240.23
1494.74
1222.02
1422.32
1646.24
1882.2
1589.63
1752.2
1535.24
1135.05
1350.78
666.61
1652.23
1540.7
2359.25
2222.86
633.81
738.15
1615.93
2222.38
809.09
2081.36
934.48
1471.93
1080.83
853.21
2181.72
1267.14
657.17
1936.05
1932.2
1274.27
1268.02
753.95
1416.54
1682.64
2238.69
1578.42
1526.34
1695.53
1417.93
1857.02
1843.11
1537.78
1979.79
435.08
1785.61
1496.93
1873.05
575.07
819.64
2171.38
1918.84
1706.76
1241.88
1351.82
2174.16
1926.96
1600.65
1746.71
1617.61
1166.67
1896.02
1600.95
1603.41
1427.14
941.52
981.81
1810.27
2029.11
1786.95
1860.08
2116.47
2347.99
1612.61
1562.05
957.95
1100.46
1295.32
921.3
1289.32
1460.02
2022.67
970.29
2034.94
1539.94
1744.57
1808.04
1281.64
1779.74
511.48
728.53
762.92
1211.6
1125.19
1952.33
1728.36
2063.34
1439.0
1647.45
1467.78
463.05
1038.96
1856.1
1455.53
1629.62
811.04
900.64
1272.36
944.07
1382.14
1388.66
856.97
1499.22
1546.84
2092.71
1004.21
1082.07
658.83
749.08
2010.84
1671.29
1882.52
1322.59
1769.95
1523.78
1807.4
2314.4
1340.76
1938.76
1491.1
1704.46
1082.0
1293.29
1668.91
358.17
2141.97
1850.55
1394.92
1245.58
1357.5
1574.81
889.26
1613.41
1397.29
1480.9
875.73
1753.7
1891.48
1809.58
764.85
1340.12
1835.04
681.45
1793.42
1980.22
1224.12
1210.14
2047.77
1821.48
1060.31
1799.26
1395.62
860.77
1156.03
1947.75
1335.64
976.83
2157.8
1473.85
1168.14
1881.74
2032.29
1084.07
935.1
1815.99
1007.52
929.1
1647.06
1115.32
489.36
1758.86
467.37
1397.96
1013.09
1632.84
1820.01
1840.54
1311.53
1322.45
540.56
1154.26
1643.47
2030.26
1407.61
1517.49
1961.57
1657.45
1324.82
1533.45
1571.25
1652.12
421.95
2174.83
1447.81
980.2
870.53
816.68
2218.52
1380.33
1101.4
2060.52
2121.63
1381.0
1766.72
1581.09
1229.66
1901.71
1401.45
1742.79
1973.4
1579.67
2011.85
1298.45
1629.21
1150.64
1335.55
1710.04
1726.79
1380.03
1159.46
2063.23
1150.52
1619.32
1614.86
1438.61
1390.17
891.7
1338.0
989.31
2228.95
916.72
1729.37
1779.19
1753.76
2199.47
1012.79
1150.98
1435.7
1675.6
1384.9
1035.43
1218.33
1423.63
1210.84
1975.71
1417.8
905.39
993.19
827.78
1355.8
2108.57
1369.36
811.38
2207.54
1372.36
1819.37
2266.44
1916.45
1717.47
1466.08
1540.67
843.37
599.49
1602.55
2101.64
1731.41
1604.85
2185.32
1528.93
1988.04
1530.88
1424.26
1015.7
1647.9
1632.21
1546.86
891.82
1749.32
1742.02
1290.53
2295.47
1162.65
2232.56
2147.35
919.59
1044.09
1428.61
1927.0
1897.41
1719.48
1036.74
1966.32
1779.71
1820.45
1349.48
1563.19
2307.85
488.77
737.63
1265.24
1083.54
1793.39
1524.11
2123.16
927.37
1550.08
1501.22
796.96
1818.68
1689.76
1490.25
875.73
1732.59
1617.24
1343.16
1333.19
2223.97
1478.65
1220.9
969.38
1312.95
1702.69
1551.62
1437.87
509.92
908.12
1291.56
1145.78
1277.96
1858.99
1531.18
2175.7
2028.2
1983.11
1449.27
1635.0
1246.64
1950.48
1752.95
1651.25
2175.26
2456.48
1605.39
1987.07
1322.37
1705.49
1909.46
1523.43
1096.62
2179.51
1939.28
1619.51
1147.55
1679.7
2134.64
1472.32
1850.91
1653.37
2103.27
1092.0
1733.0
688.22
919.98
1721.49
980.9
1222.57
1829.54
2039.19
2052.83
1719.88
1359.26
1044.84
1561.89
2497.91
1909.56
1488.79
1757.7
1532.99
1373.63
1754.55
1457.46
1298.07
1536.57
1396.21
2101.6
1903.66
2081.48
1326.91
1070.84
2036.05
1391.93
1647.16
1226.42
1662.06
850.69
1269.42
893.63
1401.9
1246.79
1754.71
1007.54
1675.42
1849.92
1748.86
2127.36
2100.05
542.8
1047.97
778.77
1249.57
2124.44
1079.62
1812.63
1802.1
730.61
1022.31
2254.79
2194.06
1756.27
1693.34
616.37
950.62
1291.44
1454.36
1579.93
1453.18
1613.86
1468.63
1390.47
1708.38
872.55
1565.59
1812.46
2102.11
1956.9
1972.2
1278.87
1220.73
1007.76
1868.06
811.72
1303.36
1323.76
1808.89
1053.18
1879.86
1902.72
1080.82
1915.73
910.66
1501.33
1680.09
1051.56
2019.64
1889.27
1768.34
1443.01
1465.7
1450.01
1287.92
1669.33
1453.13
1856.65
1612.88
1273.01
1020.53
1780.99
1209.63
2128.44
931.83
886.48
1773.9
1237.58
1066.06
861.4
1300.61
1185.3
702.25
800.69
453.4
1009.79
2101.83
776.4
1721.52
2031.2
1866.19
1574.24
2082.8
1842.87
1115.57
1139.83
2137.83
1522.8
1793.74
1015.65
1744.94
1751.37
1015.73
1204.6
1167.3
1696.4
1450.49
1406.48
1499.35
1928.13
878.38
821.1
1365.61
1635.87
1366.97
1044.81
1162.69
1198.1
1170.94
902.99
1094.36
450.14
1573.75
1417.45
1113.3
2121.29
1087.5
2113.83
1371.58
1790.03
2002.1
1403.21
1311.42
1913.7
1686.03
1841.92
832.62
1481.78
1034.17
1964.95
741.71
1411.18
1686.67
1424.37
2071.36
1450.69
1357.43
1670.38
1421.53
2371.49
1852.8
1329.48
1927.84
1581.1
814.98
1732.56
1183.15
1985.43
752.28
332.43
1119.53
900.63
1777.15
2011.49
1089.79
1241.28
1662.52
1221.89
1113.16
1506.26
1823.7
1615.41
2402.59
1087.85
1497.99
900.32
2213.14
1501.33
1588.35
1013.32
2070.66
1374.47
937.94
2272.29
1550.22
984.27
1982.14
1881.34
1702.93
2170.11
1510.96
1506.35
1467.04
1532.99
1587.75
1558.6
1871.13
1293.55
1508.08
1559.42
2009.87
1766.91
2338.88
2090.98
841.17
1322.36
1669.06
1336.51
954.39
934.66
783.04
2101.89
1009.69
1242.38
2110.67
922.64
1425.02
1739.28
1697.86
598.45
968.38
1867.55
1655.8
590.44
767.52
2154.4
1926.72
1626.79
1938.29
1354.78
646.13
2053.14
1520.03
1550.07
2270.43
1370.87
2090.28
967.18
1878.43
1651.47
1871.27
1780.44
1229.58
1737.51
938.9
1911.24
2064.39
1413.98
1756.61
1692.86
1844.97
932.41
792.98
1313.83
1370.52
2130.07
1354.14
1840.11
1637.94
1127.22
1638.2
1647.84
1187.94
999.39
2056.65
2328.2
1226.06
1144.87
1385.12
1294.88
2212.23
765.02
1892.08
1620.69
2154.44
1231.94
2124.97
899.71
1470.88
1076.43
1403.17
1644.96
720.72
1004.77
1773.06
941.6
2057.33
1461.24
1644.43
1717.32
1220.85
1532.96
1066.2
2225.11
1470.39
1604.55
1424.72
772.56
2085.76
1678.87
1312.88
923.12
1182.52
1919.17
1377.94
1804.7
2242.53
1214.41
1263.72
1950.45
1535.89
1252.17
2003.57
1050.49
1649.65
1503.29
1418.31
1592.71
946.62
1107.97
1762.08
664.27
1713.71
1761.39
1340.42
1597.6
1335.53
2397.03
1741.96
1531.28
1710.17
431.84
923.58
1504.73
1567.16
1823.52
640.4
995.18
1166.0
1759.58
2106.06
1521.62
2058.01
2061.05
1406.89
1611.74
1883.24
1743.73
1427.05
1340.22
1294.13
2382.4
1298.42
1574.68
1637.04
1686.2
1409.39
932.9
1572.24
2054.16
1232.3
1341.67
1543.67
1942.6
1328.12
1191.12
901.73
1839.16
1878.57
1515.13
1498.9
2304.39
1535.14
1836.42
779.01
1379.0
948.76
1319.26
1546.61
1284.17
1182.18
1403.21
859.34
1951.85
1045.95
1008.78
1924.55
997.49
1477.88
1563.55
986.69
1606.85
1716.64
1276.77
1461.21
1190.9
722.33
1232.03
675.43
2396.36
1656.55
1061.2
1507.0
463.73
1342.32
1158.6
1186.34
1568.6
2142.03
1143.75
1115.33
1309.41
2075.96
1965.36
1683.36
1575.43
1134.42
2123.07
1915.64
1771.53
1600.26
1628.75
1026.17
1603.41
1004.5
1301.08
2371.97
2003.73
1997.13
1613.04
1507.6
1027.08
1212.22
2012.99
1503.0
1550.57
585.64
1087.44
1730.71
1153.87
1703.79
1683.07
1981.43
288.94
1700.92
2250.06
2142.43
1066.87
1490.85
1539.11
1978.49
1972.28
2118.48
1620.64
1638.25
849.92
1569.16
1244.53
1180.45
1714.81
253.56
2034.93
891.79
926.03
1687.41
1001.78
2076.8
1518.25
2039.59
1894.53
1155.77
1919.42
1443.39
2198.49
1001.95
798.54
1663.44
1877.01
1715.57
811.44
1928.18
2276.97
747.14
1433.85
1035.83
1789.82
1956.1
1694.77
2232.28
1826.21
1328.7
635.27
728.31
1585.5
2155.79
1793.16
1893.13
935.96
1654.39
1191.56
2290.11
990.08
1010.94
1823.99
1953.08
906.98
1828.13
1886.31
1365.22
1691.92
1087.28
1344.02
1200.36
1984.98
1013.34
1408.21
1992.99
1640.96
749.32
1562.51
1415.73
1473.56
1804.81
2231.85
1244.13
781.28
1844.19
1556.17
1764.99
1120.65
1227.52
1389.47
1390.63
1048.84
1276.86
2092.78
1648.2
1020.66
1517.94
1395.07
1194.26
1124.97
2235.7
1852.67
1421.65
1791.31
1549.42
2095.37
1668.86
2092.87
2078.73
1584.81
1762.44
1594.23
1326.37
1768.96
1961.13
2005.09
1612.28
1914.76
1817.31
723.77
1734.07
881.26
1535.16
1884.51
1671.45
1095.88
667.12
1101.54
1771.59
1351.48
1680.55
2072.1
2021.0
1243.02
1851.11
658.62
1355.05
1377.75
1330.4
1505.6
1068.78
1756.19
1602.78
1548.25
793.55
1295.83
1172.72
1185.8
1806.49
1837.28
1489.41
1724.37
1771.75
1517.25
1232.65
1035.08
1555.99
1281.16
2123.93
832.79
1120.95
1861.51
743.3
1729.48
1388.92
1333.03
1216.65
1886.84
1258.95
2292.5
2103.89
1024.65
1852.48
1031.18
789.73
1670.5
1245.27
1927.83
2008.85
1440.53
1200.95
1818.89
395.12
1925.12
1219.19
1478.71
1786.9
1399.89
1312.89
1958.12
1025.44
1767.04
1874.4
743.79
1414.72
835.16
976.25
1782.54
1604.59
1498.96
1807.53
1473.97
1266.81
1978.16
1645.68
1526.97
1733.2
1182.02
1564.53
820.85
1782.12
2087.84
992.78
874.33
1235.14
1799.98
2350.93
1367.18
2170.62
1748.15
1468.63
2150.81
1029.28
2118.27
1265.86
1123.31
1254.44
1221.94
1818.71
944.22
1461.31
2053.51
1695.74
1273.35
1718.76
2206.9
1597.99
1589.12
1165.81
1047.79
1215.48
1446.26
1040.14
2146.59
1498.49
1268.29
966.36
857.93
2049.69
1656.98
1040.76
1280.56
2104.79
2280.49
1079.8
1640.44
1747.99
918.87
429.33
1790.83
1262.48
971.74
1480.84
1134.73
1811.38
1834.03
1199.7
1955.14
1792.03
1088.53
1105.91
1382.36
1172.31
1397.37
1609.65
999.66
974.9
822.26
1534.45
1878.35
2246.45
1713.81
2177.5
902.23
1654.17
1699.54
984.18
974.85
1838.72
852.33
1793.09
1646.88
2079.25
1396.28
1076.5
1228.96
1994.65
1196.01
1147.44
1188.93
1335.19
1113.99
1289.08
1272.95
1640.26
1604.17
1139.37
1547.67
2120.87
1596.44
1773.41
319.54
444.02
1858.64
1741.12
1192.26
1985.21
1191.03
1402.04
827.04
1642.48
943.08
2310.5
1014.98
1755.12
1122.14
786.03
1919.74
879.16
756.77
1443.99
1606.19
1690.28
915.3
1978.87
1226.18
695.6
2061.68
2252.53
1261.97
1783.46
1376.96
2364.41
1107.1
1969.08
1214.59
1189.16
1323.04
1456.39
1454.54
1441.59
1270.61
1376.78
792.01
845.73
1312.63
1440.43
1878.04
1874.31
1654.55
964.94
1558.43
1327.58
1234.8
1523.15
862.87
1185.9
1871.37
1165.37
1533.74
1896.31
769.9
1227.14
1966.76
1172.2
1969.68
1046.59
1081.47
2076.71
1539.3
1652.36
1774.99
1751.32
1078.04
281.38
2218.87
1604.75
1849.56
1347.69
1542.9
1632.8
2045.75
1684.5
2036.69
1558.72
1804.79
932.44
1857.06
1532.18
1210.92
1730.53
2133.02
1604.61
1538.13
1787.17
1939.24
789.89
1649.08
1053.09
847.89
965.73
1813.1
2185.24
1312.06
524.97
1510.9
868.48
1731.0
1665.31
1443.31
1393.87
1589.01
1430.7
1074.95
2002.14
1487.03
1514.57
790.34
1663.71
1481.99
1328.53
923.5
1232.19
1303.23
2141.47
1048.58
1697.33
1482.17
2393.91
1718.37
1599.79
1914.86
1007.03
1918.39
1520.88
1578.69
1541.48
1777.31
1553.4
868.24
1716.73
1100.93
818.44
2242.33
1348.18
1950.49
1325.12
1506.96
1106.98
2301.47
1388.63
2135.13
1581.75
1832.38
1906.59
837.82
1434.81
882.07
1174.75
1477.14
1551.78
721.68
1952.32
1781.25
1559.29
1519.71
1327.69
1649.16
2117.09
1830.31
658.12
890.11
1022.09
1491.03
1153.66
1438.29
1638.76
1250.74
353.75
1583.91
1836.47
1215.19
1472.9
1175.05
1922.55
1653.89
1362.11
703.24
2258.58
1445.87
1711.19
1592.46
1195.52
2046.98
1411.89
1769.81
2215.36
427.66
942.21
368.87
1843.25
1117.77
1002.78
2047.76
1710.17
1212.66
1269.1
1460.74
2165.49
1998.52
381.95
1701.06
1376.54
2192.33
965.53
2071.95
1915.1
2204.48
1488.58
1757.87
886.87
1288.62
856.86
1703.06
1562.01
1170.26
1345.85
1596.16
1304.93
1810.39
293.7
1741.97
1605.32
1553.96
1246.31
857.14
1369.09
1481.46
1465.32
1655.52
1397.15
1548.85
1269.61
1150.3
1828.72
1368.73
1409.92
1321.88
1288.23
1766.79
1954.21
1419.07
1221.86
586.88
1652.03
1136.72
781.34
1666.69
1261.99
2008.49
1770.56
1037.6
1926.6
1164.94
2186.41
1026.05
1320.68
1050.92
907.21
1700.05
1746.72
1453.28
2215.45
1261.46
945.94
1150.99
1601.92
615.89
1719.92
1272.45
1317.81
2035.94
2373.0
942.31
1092.78
1074.19
1775.97
1692.44
1022.72
1004.56
828.78
2147.64
1593.25
1738.6
1562.2
1132.5
2263.19
1569.17
1410.5
1148.79
1621.76
1469.45
1700.91
890.83
1254.17
1676.65
990.9
1899.15
1368.04
937.18
1178.77
1149.18
1105.82
1203.86
1649.55
2061.27
1783.81
949.59
2048.98
1340.61
1472.6
1324.32
1723.65
1533.8
967.24
1684.5
1448.82
1674.97
852.75
1160.37
2031.04
1965.35
1796.86
1787.94
2148.37
1833.38
1793.75
1697.39
1375.26
1377.7
1844.5
1569.87
1548.29
1227.11
1504.46
1387.62
977.23
1097.81
1993.88
1037.32
1995.05
2026.85
1897.77
1510.27
1160.79
1311.32
2390.95
376.1
1182.85
1049.37
1682.75
1395.71
1357.27
1452.16
1121.45
818.54
998.03
1706.23
2022.94
1759.77
1882.15
1633.26
1861.7
1763.33
1888.51
1179.99
1818.08
534.68
1222.48
1388.91
1233.94
1162.53
1709.74
1424.24
1356.96
1543.05
1765.42
1155.42
1727.08
1731.98
991.19
1583.14
2025.2
1792.94
849.72
906.37
1618.77
950.02
1462.04
669.87
1050.67
1532.12
1845.58
1089.84
1124.79
797.73
1880.88
1189.28
1037.36
1088.13
1964.42
1437.37
1677.33
1846.15
1336.2
1121.65
771.61
1744.81
1280.41
995.03
1849.57
2151.9
1006.27
2133.07
1265.38
1592.39
1308.13
1230.09
1249.6
988.91
1370.59
1894.86
1009.44
1232.13
2319.73
1449.6
1115.6
1811.09
1627.13
2284.25
1608.6
1041.72
1419.86
1802.03
1363.17
1300.23
1487.18
748.84
545.47
1749.64
1589.79
1003.98
1057.52
1552.29
1206.43
1577.46
1551.46
1030.63
1470.54
1913.84
1564.41
1473.25
1786.73
1352.83
1158.97
1634.14
2132.18
1786.95
1797.59
1829.86
1514.49
1965.92
1571.71
1738.84
1377.05
1284.33
1988.48
1531.02
1271.27
1708.84
963.85
1634.91
1166.73
1352.6
1124.66
2101.01
1577.43
1256.71
1718.71
1171.08
1331.52
1039.56
1125.47
1358.09
1224.79
1516.94
1109.5
1171.03
1256.61
782.13
1045.0
1399.48
1484.99
1957.96
1377.28
1601.33
918.69
1740.24
809.77
1375.94
954.75
1148.67
1686.71
1839.94
2169.49
1061.71
2073.99
900.83
1010.87
2197.24
1619.41
1197.6
1454.47
1459.93
1114.73
2116.78
1886.43
978.56
1844.33
2260.65
2002.54
1539.98
1439.53
1018.43
1655.6
915.74
1243.55
1288.64
1123.11
627.43
1952.98
1780.62
935.82
1208.39
1661.67
1093.97
1634.51
2014.81
1207.25
813.23
1543.28
1568.73
949.65
754.34
715.51
1706.0
1832.3
1547.82
1956.24
937.32
2039.02
1566.33
1338.73
1731.19
1994.49
1608.96
1660.49
1587.43
1181.33
991.64
1468.98
1539.82
1896.73
1792.89
1219.7
1928.5
1896.46
1720.43
2280.66
1970.63
1537.76
1174.31
2341.42
2066.32
1171.44
1194.4
832.57
2011.34
1333.28
1779.57
1978.19
1585.86
1275.58
1155.64
1565.8
1487.14
1101.86
1050.17
1711.85
970.11
1785.61
1285.86
1728.52
1223.9
950.68
1100.83
1531.51
1699.82
1401.97
1614.52
1359.54
1931.25
1658.15
1636.14
1219.61
1780.14
1295.86
1915.7
1834.78
1803.65
696.31
735.91
2254.7
1384.38
1116.42
1505.09
1280.94
1654.26
1705.02
1505.15
1869.96
1713.52
1511.91
2165.9
1889.01
1524.56
1487.48
1228.72
1450.8
1150.32
1165.91
1401.85
1258.64
1122.63
1356.64
1733.84
1125.66
1735.64
2081.14
556.59
819.12
1760.27
1178.06
1313.59
1713.06
1496.83
914.25
1188.19
1877.19
1044.3
1261.71
1960.44
1267.72
1952.53
1405.04
1762.76
1442.15
1242.28
1725.9
1945.12
2021.91
1273.09
692.63
935.94
1803.19
1058.75
1090.5
1953.64
1059.96
2143.89
1603.03
1562.03
2238.39
1809.91
1247.75
1343.13
1762.21
1282.66
966.28
775.21
918.82
1974.47
1976.65
804.65
1701.36
1276.98
1723.22
1390.74
1893.61
2369.22
1899.47
1243.97
2265.61
1122.07
844.11
644.27
1592.25
1291.87
994.01
1409.33
1530.85
2215.06
1917.33
1913.04
1349.09
1219.58
1403.38
1612.71
2092.74
2171.84
1091.15
1159.15
1653.71
1484.18
1488.22
1713.94
1348.05
2003.2
1458.37
1352.93
1592.86
544.43
1411.98
1674.55
1444.37
1200.4
822.26
1471.96
1671.71
1300.45
764.08
1487.49
1218.3
1764.64
1322.97
1862.29
1082.68
1775.25
2185.0
1624.99
1437.43
1975.28
1390.08
1661.44
552.09
940.38
2365.98
1227.63
1635.91
1199.76
1604.57
465.34
1501.59
1381.22
1229.49
2336.87
2168.01
443.73
1553.82
496.85
1649.9
1134.4
1783.52
1103.86
1942.22
2061.36
589.26
240.53
1083.14
1294.33
1543.14
1678.25
960.49
1563.2
1197.5
1852.48
1297.31
1199.25
928.03
893.29
1663.63
1982.44
924.68
1607.01
1402.44
1510.72
738.01
1141.98
1537.21
1677.59
1427.75
1348.63
1168.51
1587.16
751.91
1601.93
1551.78
1718.44
1841.56
1726.93
1511.06
982.9
1984.04
864.39
1360.01
1532.76
1520.62
1012.48
1208.55
1379.85
1267.77
1313.17
1500.22
1859.68
2207.51
1788.57
1092.26
1929.54
944.38
1435.65
2098.91
1514.3
1568.1
925.97
1216.37
1566.55
1826.42
1379.92
1923.64
1950.93
1004.47
1599.07
1676.3
2053.43
856.25
1386.44
1113.67
1221.06
2343.68
1236.61
1759.75
1320.57
881.71
925.85
1555.27
1231.56
1556.02
746.97
754.42
1448.26
1269.1
1859.78
2012.84
1239.79
1527.84
1040.12
843.68
1887.91
1396.99
991.75
1340.21
1788.87
1206.39
1432.68
1567.31
1063.1
1374.71
1313.24
1526.21
1489.52
1648.54
519.64
775.4
1669.19
941.96
837.91
1071.37
1714.62
999.78
1230.38
1831.47
1022.1
1371.32
1450.12
1576.63
1386.77
1369.94
1539.36
1685.08
1762.2
1210.63
2067.04
1395.76
1500.42
2287.85
1353.91
1648.85
1424.45
1734.5
1154.15
1151.65
1480.42
1200.17
2022.24
1911.48
2041.34
1894.16
1707.76
1593.89
1743.98
1544.19
1601.81
1186.68
1226.78
1581.06
2326.2
1942.09
2088.46
1094.41
817.54
1214.42
1504.9
1864.21
1717.74
631.62
1423.22
645.49
1523.59
2108.34
1280.21
1656.75
1436.87
1123.55
1574.42
1164.26
1793.22
1236.86
1325.04
2320.28
1632.55
747.55
953.39
1651.78
921.78
1825.82
1430.2
1408.87
1518.3
793.54
642.14
2132.84
1317.45
1692.38
2056.54
1624.07
1623.47
2136.65
1285.4
958.22
1372.21
1378.93
1652.03
727.61
1977.58
1736.23
1117.11
578.52
1393.88
1365.94
1508.42
1549.96
1899.43
1039.07
843.23
1051.84
863.56
2048.06
1312.84
745.0
2103.7
1846.54
1776.02
1066.27
867.05
711.75
1562.11
1853.71
2017.71
489.18
1935.19
1775.79
1854.37
1413.73
1892.45
1334.83
809.5
1867.47
1735.45
1617.58
1405.45
774.78
1188.33
1440.74
633.55
2021.58
1347.03
1255.1
1221.56
1423.7
1221.97
1394.94
2274.94
1580.28
722.0
1422.14
1275.12
1552.95
1359.11
1577.11
1633.91
1445.21
1431.05
1904.28
1487.54
1303.34
1596.04
2312.83
1345.4
1554.5
1816.37
1272.48
937.87
1550.96
850.35
1413.42
1004.18
1491.15
1361.19
1224.98
1284.36
956.81
1430.77
2239.79
1041.21
2140.88
1325.66
1491.71
1307.73
1464.04
2296.54
1513.58
1366.62
1202.31
1307.04
991.71
1834.15
1551.05
1831.95
1571.15
1771.22
933.53
1307.54
1738.86
2008.1
1162.78
1804.53
1587.47
924.62
1914.97
1779.4
1937.51
1656.43
1924.21
1428.18
1939.99
430.63
1067.33
1243.97
1072.15
1057.24
2170.2
1381.83
1161.51
1370.79
1852.44
1027.42
124.54
1008.35
1410.5
1974.58
2229.96
2035.12
1597.03
1885.04
804.19
1625.35
1149.64
1589.53
1513.7
1099.25
1177.46
1654.35
1537.31
864.88
1128.92
1788.34
1761.44
1661.05
1879.31
1483.33
2205.62
1799.95
1298.18
1950.53
1241.17
1085.14
674.57
1132.07
617.65
1819.28
1712.27
1820.38
1226.54
1649.31
953.59
934.69
831.94
1943.05
2074.89
1521.76
2179.68
1662.11
1248.56
1836.37
1185.28
1375.33
949.08
1757.95
1062.87
1377.05
889.78
1846.1
1738.11
1429.61
1701.18
879.83
2180.71
1226.65
1102.85
1686.28
1352.94
1423.31
1724.1
1391.81
1131.23
1259.48
2304.72
1741.03
1021.73
1939.47
1070.71
1746.98
936.28
1932.3
1660.18
699.07
1462.94
1310.11
310.28
1178.22
1602.09
1135.99
1654.5
1240.38
1411.66
1619.51
2215.72
888.84
1710.18
785.73
1539.78
1237.16
1502.87
2226.36
2104.38
1649.96
1250.51
1289.64
2252.36
1443.87
1842.2
1457.08
1572.19
986.23
1977.25
457.75
844.75
1173.46
1250.13
1843.23
848.79
1449.06
2161.32
1428.79
1671.27
464.06
1012.36
1388.83
1118.35
944.09
929.17
1462.09
1610.94
2401.96
1731.52
1951.64
1126.82
1601.7
1821.59
1747.89
1667.92
2194.16
902.55
1275.87
1113.08
1146.93
2321.37
1700.81
1602.04
1236.07
1708.95
1127.63
1198.61
1169.24
1915.11
1376.37
1619.16
1466.2
1754.11
2268.22
1625.58
330.21
1519.1
1811.82
1594.52
930.63
1578.59
1242.14
1317.7
1057.12
2350.78
1465.94
1416.67
1809.35
1942.35
1782.66
960.2
1975.13
1547.73
1292.04
383.87
1626.99
1752.66
1407.52
1530.25
1992.3
1041.25
649.06
759.6
2006.62
1035.62
